4639
3600
3686
3189
3659
3754
3183
3548
3571
3740
3081
3570
3841
3828
3783
3626
3610
3541
3693
3736
3050
3734
3575
3727
3603
3900
3815
4004
3879
3082
3852
3640
3184
3739
3825
3024
3694
3993
3074
4343
4355
3466
3710
3735
3587
3197
3580
3559
3551
3749
3854
4532
3771
3558
3922
3489
3225
3769
3038
3743
3863
3630
3954
3592
3647
4001
4284
3196
3427
3765
3718
3172
3740
3612
3893
3070
3230
3782
3598
3736
3216
3789
3717
3771
3774
3734
3005
3688
3959
3719
4558
3605
3150
3640
3056
3691
3821
3597
3116
3922
3827
3741
3838
3064
4526
3200
3809
3623
3187
3525
3922
3920
3586
3131
3254
3770
3707
3655
3756
3860
3947
3590
3789
4069
3232
3790
3693
3680
3866
3760
3970
3409
3680
3825
3679
3753
3130
3631
3694
3715
3436
3770
3413
3113
3110
4383
3694
3843
3804
3793
3869
3078
3540
2970
3706
3963
3197
3051
3017
3800
4176
3757
3680
3659
3107
3332
3655
3633
3774
3672
3805
3648
4059
3622
3762
3493
3816
3746
3052
3695
3755
3502
3881
3110
3721
3376
3097
3133
3960
3420
3876
3708
3110
3739
3604
3683
3068
3471
3412
3183
3897
3780
3116
3659
3500
3981
3609
3097
4021
3738
3125
4286
3627
3821
3752
3506
3934
3888
3724
3114
3644
3528
3088
3503
3108
3157
3906
3430
3791
3472
3091
3031
3710
3842
3675
3798
3728
3959
3480
3549
3860
3774
3833
3538
3780
3770
3769
4382
3903
3665
3779
3474
3785
3207
3724
3475
3891
3580
3390
3869
3473
3796
3813
3406
3499
3091
3731
3576
3310
3720
3357
3771
3644
3639
3873
3560
3154
3111
3509
3670
3501
3807
3453
3433
3052
3711
3645
3720
3907
3896
3086
3764
3256
3552
3093
3668
3690
3452
3741
3707
3691
3453
3571
3033
3510
3629
3604
3728
3735
3766
3686
3580
3360
3359
3874
3692
3640
3187
3058
3481
3221
3719
3653
3488
3811
3290
3460
3425
4395
3525
3640
3773
3998
3886
3649
3750
4092
4023
3163
3649
3781
3577
3663
3489
3276
3691
4041
3783
3886
3865
3622
4304
3679
3706
3840
3578
3837
3886
3918
3643
3463
3644
3859
4158
3159
3669
3675
3786
3784
3678
3502
3120
3896
3661
3759
3189
3760
3729
3090
3555
3578
3739
3632
3791
3680
3692
3676
3167
3093
3714
3677
3044
3855
3566
3128
3153
3147
3587
3789
3393
3681
3487
3222
3223
3930
3198
3143
3518
3434
3494
3341
3217
3812
3065
3524
3666
3857
3540
3700
3569
