10 7 5 6 8 9 2 4 17 3 
4 1 3 5 6 
7 2 5 8 1 6 4 10 
5 10 1 6 3 7 2 9 8 
2 8 10 1 3 6 4 7 
17 10 5 2 11 4 3 9 15 14 7 1 8 
1 5 10 8 11 9 3 6 4 15 16 
11 4 9 6 14 1 10 5 3 15 7 
17 8 6 4 11 14 7 10 1 15 
5 4 9 7 17 12 11 6 14 19 16 20 15 3 8 1 
14 12 10 17 15 9 8 6 13 7 16 
10 30 13 15 16 11 18 14 19 20 22 
12 11 22 18 16 19 21 20 15 14 
12 11 6 16 13 28 10 27 17 9 19 8 
7 14 10 13 17 28 12 9 18 6 11 16 8 
22 19 12 20 10 13 23 11 14 27 21 15 24 30 7 18 
11 14 15 9 
15 22 30 16 26 25 21 12 20 24 19 23 13 
16 24 25 28 23 22 20 10 26 18 14 11 13 21 12 
24 29 32 21 10 25 30 19 13 12 16 22 26 31 23 18 
13 25 19 30 16 24 26 22 18 23 20 
16 24 26 19 21 30 13 23 25 12 20 18 
25 21 19 22 30 20 18 24 26 16 
21 22 26 16 18 25 19 23 20 
19 22 20 26 24 21 23 18 
22 24 21 19 25 20 23 18 
30 29 16 32 14 31 28 
31 13 14 32 15 11 16 27 19 30 
30 32 20 27 31 
16 14 28 27 20 23 31 32 29 18 22 21 
32 29 28 20 30 27 
31 30 28 27 29 
