4166
3319
3861
3172
3170
3557
3436
3457
3338
3563
3467
3458
3785
3284
3172
3510
3571
3404
3451
3410
3601
3408
3858
3377
3355
3454
3541
2768
3635
3225
3784
3080
3667
3054
3294
2992
3762
3648
3645
2980
2730
3682
2809
3620
3533
3259
3104
3191
3615
3590
3398
3544
3715
3521
3618
3373
3544
3552
3487
3641
3328
3065
3360
3162
3283
3015
2992
3026
3299
3395
3368
3187
3434
3163
3504
3446
2963
3231
3219
2752
3232
3678
2720
3405
3625
2965
3890
3635
3205
2923
3340
3586
2795
3953
3463
3356
3007
3301
3675
3297
3399
3523
3618
3436
3204
4017
3586
3800
3616
3539
3984
3821
3437
3398
3223
3721
3671
3593
3612
3179
3672
3611
3399
3467
3673
3441
3320
3739
3655
2987
3340
3913
3816
3512
3412
3660
3323
3454
3256
3512
3453
3323
3750
3145
3601
3580
3412
3342
3304
3586
3459
3700
3582
3305
2805
3294
3728
3434
3476
3884
3189
3875
3118
3513
3424
3272
3550
3588
3493
3487
2924
3562
3705
3650
3261
3336
3129
3179
3354
3779
3114
3747
3982
3663
3646
3637
3577
3423
3132
3426
3419
3410
3789
4116
3439
3803
4019
2909
3828
3711
3526
3240
3950
2787
3411
3298
3476
3229
3777
3636
3537
3256
2680
3629
3166
3120
3373
3696
3472
3835
3091
3607
3267
3532
3371
3842
3723
3605
3266
3257
3313
3566
3376
3494
3443
3720
3327
3200
3490
3418
3173
3695
3673
3153
3824
3607
3520
3275
3182
2786
3794
3499
3371
3546
3691
3917
3686
3579
3615
3377
3465
3294
3246
3285
3092
3459
3318
3148
3254
3818
3813
3928
3217
3984
3393
3217
3588
3404
3144
3452
3419
3898
3887
3130
3222
3288
3734
3765
3755
3574
2808
4076
3525
3695
3774
3712
3481
3183
3462
2774
3623
3635
3411
3606
3129
3910
3445
3434
3713
4057
2948
3741
3656
3733
3369
3892
3320
3478
3685
3771
3272
3814
3569
3711
3389
3287
3231
3774
3690
3787
3707
4018
3021
3504
3454
3861
3761
3265
4174
3305
3810
3952
3599
3271
3716
3293
3544
3598
3213
3507
4047
3833
3579
3581
3313
3683
2764
3378
3558
3261
3953
2920
3729
3599
3474
3598
3075
4124
3129
3763
4162
3813
4229
3478
3706
3344
3351
3431
3660
3231
3655
2849
3030
3033
3746
4003
3690
3685
3218
2854
3803
4571
3692
4008
3500
3241
3713
4049
3645
5186
7293
3330
3392
2893
3403
3934
3111
3750
4075
3657
3967
3840
3823
3999
3784
3444
3769
3766
3619
3373
3769
3444
3145
3581
3743
3282
3606
3502
3547
3459
3533
3554
3608
