450
547
516
495
507
490
434
542
475
515
506
459
558
577
507
481
556
443
500
523
450
505
514
528
506
529
574
482
522
429
563
514
524
533
495
452
472
425
507
569
468
565
431
448
546
472
443
440
480
512
481
519
528
526
444
473
452
517
526
496
481
495
539
534
456
429
461
529
500
456
562
521
422
519
422
519
523
558
550
556
479
592
508
509
490
499
487
492
485
485
429
492
423
522
437
520
544
506
433
482
515
458
503
515
447
487
439
529
438
472
472
546
511
527
523
438
492
457
493
447
458
473
489
484
492
529
477
492
492
496
440
452
544
494
422
391
543
505
440
447
463
441
444
485
501
427
470
445
455
517
480
413
489
571
502
552
505
456
441
465
438
482
493
422
443
423
452
467
485
529
428
483
514
469
477
474
458
513
425
423
512
520
522
419
504
491
429
521
445
408
500
522
458
495
486
484
611
480
537
474
449
519
556
530
459
475
553
481
471
451
497
569
437
500
512
472
504
498
463
536
472
453
504
566
491
484
454
516
513
494
491
485
425
503
493
518
537
493
408
502
426
484
488
528
472
517
547
532
610
491
486
608
493
497
462
446
523
434
524
481
488
491
471
509
479
523
497
540
491
447
502
529
502
461
510
472
525
473
448
468
495
462
433
533
481
462
438
445
501
581
542
484
465
445
420
562
496
451
599
514
520
521
458
480
443
514
487
495
495
565
460
497
549
456
526
513
495
486
520
450
460
431
512
529
526
560
488
488
521
534
477
658
470
526
527
473
534
474
481
475
504
478
438
527
481
530
525
522
512
575
497
513
493
491
471
626
498
534
497
499
578
516
503
494
505
557
495
605
461
473
478
491
482
559
445
523
485
491
496
486
551
574
536
521
512
440
529
493
579
492
513
511
523
571
506
424
508
486
494
476
507
474
645
543
480
474
482
572
441
439
491
483
518
572
499
483
558
532
489
473
472
490
497
460
559
460
454
531
508
525
478
454
506
