432
515
582
454
459
632
469
529
498
583
502
466
445
524
437
469
471
466
509
543
477
525
480
480
484
463
461
425
601
423
513
597
467
487
601
508
518
588
441
428
505
437
474
510
602
437
510
433
463
448
414
508
535
482
464
640
458
598
487
467
539
475
467
513
477
370
608
497
514
508
597
443
512
478
617
618
430
478
458
488
511
506
476
463
477
622
537
453
484
367
461
630
465
642
471
424
485
588
488
479
473
503
557
453
611
479
463
645
472
464
444
514
582
667
451
464
454
456
489
459
507
481
407
540
414
476
514
525
476
512
482
417
458
507
481
627
491
454
464
497
499
462
654
542
380
447
477
437
434
464
600
491
628
489
423
613
643
632
473
422
476
460
588
582
483
478
454
459
460
450
508
447
461
477
497
497
436
596
473
446
451
446
648
487
468
652
667
404
478
499
454
585
465
471
483
600
418
459
621
491
462
605
491
493
459
466
613
463
480
592
418
453
516
484
484
540
434
445
589
464
430
633
485
634
580
437
496
493
499
574
650
508
420
487
543
468
514
466
465
437
493
442
473
448
487
451
472
460
386
473
534
480
665
516
530
483
528
510
454
496
504
434
479
478
580
493
494
524
492
449
432
428
560
520
502
609
619
482
502
494
482
480
475
652
547
516
473
443
460
588
425
579
418
636
509
461
467
498
442
453
487
472
613
512
483
478
426
481
425
486
502
508
525
537
491
498
593
598
524
594
474
460
527
452
592
486
485
445
442
399
495
454
464
503
467
484
484
613
497
513
466
476
482
513
437
480
495
484
501
493
429
544
496
457
433
500
485
464
459
492
493
435
440
537
471
495
448
422
439
519
562
518
444
448
611
454
467
615
509
485
496
486
514
536
457
447
604
658
464
498
635
457
505
648
629
637
509
471
506
477
508
632
645
450
547
618
503
489
456
478
588
493
592
474
483
429
532
426
547
653
